0.0 0.0
0.613582546321 146.483814017
1.22716509264 292.967628035
1.84074763896 422.218052167
2.45433018528 577.318561127
3.06791273161 680.718900433
3.68149527793 853.052799277
4.29507782425 982.30322341
4.90866037057 1137.40373237
5.52224291689 1292.50424133
6.13582546321 1413.13797052
6.74940800953 1507.92161488
7.36299055585 1688.87220867
7.97657310217 1835.35602269
8.5901556485 1973.22314176
9.20373819482 2162.79043049
9.81732074114 2292.04085462
10.4309032875 2464.37475347
11.0444858338 2602.24187254
11.6580683801 2809.04255115
12.2716509264 2938.29297529
12.8852334727 3145.0936539
13.4988160191 3274.34407803
14.1123985654 3506.99484147
14.7259811117 3687.94543526
15.339563658 3817.19585939
15.9531462043 4023.996538
16.5667287507 4170.48035202
17.180311297 4360.04764075
17.7938938433 4540.99823453
18.4074763896 4730.56552326
19.021058936 4911.51611705
19.6346414823 5135.55018555
20.2482240286 5350.9675591
20.8618065749 5592.23501748
21.4753891212 5790.41900115
22.0889716676 6031.68645953
22.7025542139 6333.27078251
23.3161367602 6634.85510549
23.9297193065 6936.43942846
24.5433018528 7281.10722615
25.1568843992 7556.8414643
25.7704669455 7832.57570245
26.3840494918 8134.16002543
26.9976320381 8478.82782312
27.6112145845 8797.64553598
28.2247971308 9125.07994378
28.8383796771 9461.13104653
29.4519622234 9719.63189479
30.0655447697 10064.2996925
30.6791273161 10460.6676598
31.2927098624 10762.2519828
31.9062924087 11115.5364754
32.519874955 11460.2042731
33.1334575013 11856.5722405
33.7470400477 12218.473428
34.360622594 12537.2911409
34.9742051403 12864.7255487
35.5877876866 13278.3269059
36.2013702329 13683.3115682
36.8149527793 14010.745976
37.4285353256 14415.7306383
38.0421178719 14777.6318259
38.6557004182 15079.2161488
39.2692829646 15501.434201
39.8828655109 15785.7851341
40.4964480572 16216.6198812
41.1100306035 16569.9043738
41.7236131498 16897.3387816
42.3371956962 17207.5397996
42.9507782425 17534.9742074
43.5643607888 17853.7919202
44.1779433351 18207.0764129
44.7915258814 18560.3609055
45.4051084278 18844.7118386
46.0186909741 19206.6130261
46.6322735204 19611.5976884
47.2458560667 19939.0320962
47.859438613 20361.2501484
48.4730211594 20602.5176068
49.0866037057 20817.9349803
49.700186252 21240.1530325
50.3137687983 21679.6044746
50.9273513447 21998.4221874
51.540933891 22248.3063407
52.1545164373 22463.7237143
52.7680989836 22782.5414272
53.3816815299 23230.6095641
53.9952640763 23618.3608365
54.6088466226 23928.5618545
55.2224291689 24161.2126179
55.8360117152 24402.4800763
56.4495942615 24936.7151627
57.0631768079 25324.4664351
57.6767593542 25634.667453
58.2903419005 25919.0183861
58.9039244468 26186.1359293
59.5175069932 26573.8872017
60.1310895395 26978.871864
60.7446720858 27254.6061022
61.3582546321 27573.423815
61.9718371784 27995.6418672
62.5854197248 28297.2261902
63.1990022711 28607.4272081
63.8125848174 28986.5617855
64.4261673637 29391.5464478
65.03974991 29822.3811949
65.6533324564 30201.5157724
66.2669150027 30494.4834004
66.880497549 30701.284079
67.4940800953 31037.3351818
68.1076626416 31459.5532339
68.721245188 31864.5378962
69.3348277343 32321.2227282
69.9484102806 32528.0234068
70.5619928269 32829.6077297
71.1755753733 33286.2925617
71.7891579196 33777.4441734
72.4027404659 34001.4782419
73.0163230122 34337.5293446
73.6299055585 34552.9467182
74.2434881049 34983.7814653
74.8570706512 35474.933077
75.4706531975 35828.2175696
76.0842357438 36086.7184179
76.6978182901 36405.5361308
77.3114008365 36767.4373183
77.9249833828 37241.3555402
78.5385659291 37560.173253
79.1521484754 37922.0744406
79.7657310217 38240.8921534
80.3793135681 38508.0096967
80.9928961144 38930.2277488
81.6064786607 39481.6962251
82.220061207 39757.4304633
82.8336437534 40067.6314812
83.4472262997 40274.4321598
84.060808846 40722.5002968
84.6743913923 41377.3691124
85.2879739386 41653.1033506
85.901556485 41928.8375887
86.5151390313 42230.4219117
87.1287215776 42962.8409818
87.7423041239 43316.1254744
88.3558866702 43531.542848
88.9694692166 43833.1271709
89.5830517629 44108.8614091
90.1966343092 44746.4968348
90.8102168555 45177.3315819
91.4237994019 45470.2992099
92.0373819482 45763.266838
92.6509644945 46219.9516699
93.2645470408 46848.9704007
93.8781295871 47185.0215034
94.4917121335 47443.5223517
95.1052946798 47710.6398949
95.7188772261 48374.1254055
96.3324597724 48796.3434576
96.9460423187 49184.09473
97.5596248651 49485.679053
98.1732074114 49752.7965962
98.7867899577 50338.7318523
99.400372504 50872.9669387
100.01395505 51252.1015162
100.627537597 51596.7693138
101.241120143 51898.3536368
101.854702689 52449.8221131
102.468285236 52940.9737248
103.081867782 53337.3416922
103.695450328 53673.3927949
104.309032875 54285.1781358
104.922615421 54759.0963576
105.536197967 55146.84763
106.149780514 55457.0486479
106.76336306 55801.7164456
107.376945606 56430.7351764
107.990528153 56913.2700932
108.604110699 57240.704501
109.217693245 57585.3722987
109.831275791 57904.1900115
110.444858338 58515.9753524
111.058440884 58903.7266248
111.67202343 59317.327982
112.285605977 59696.4625595
112.899188523 60187.6141712
113.512771069 60730.4659526
114.126353616 61126.8339199
114.739936162 61514.5851923
115.353518708 61859.25299
115.967101255 62410.7214663
116.580683801 62927.7231628
117.194266347 63332.7078251
117.807848894 63668.7589279
118.42143144 63996.1933357
119.035013986 64461.4948625
119.648596533 65116.3636781
120.262179079 65538.5817303
120.875761625 65926.3330027
121.489344172 66262.3841055
122.102926718 66753.5357172
122.716509264 67425.6379226
123.330091811 67796.1558052
123.943674357 68304.5408068
124.557256903 68649.2086044
125.17083945 69071.4266566
125.784421996 69605.661743
126.398004542 70027.8797952
127.011587088 70579.3482715
127.625169635 71139.4334427
128.238752181 71846.002428
128.852334727 72414.7042942
129.465917274 72664.5884475
130.07949982 73104.0398896
130.693082366 73750.2920102
131.306664913 74284.5270966
131.920247459 74887.6957426
132.533830005 75757.9819317
133.147412552 76197.4333738
133.760995098 76559.3345614
134.374577644 76972.9359186
134.988160191 77412.3873606
135.601742737 77825.9887179
136.215325283 78480.8575335
136.82890783 79075.4094845
137.442490376 79489.0108417
138.056072922 79997.3958433
138.669655469 80626.4145741
139.283238015 81152.0329656
139.896820561 81548.4009329
140.510403108 82082.6360193
141.123985654 82496.2373765
141.7375682 83280.3566163
142.351150747 83805.9750078
142.964733293 84245.4264498
143.578315839 84805.511621
144.191898385 85288.0465378
144.805480932 86054.9323877
145.419063478 86666.7177286
146.032646024 87045.852306
146.646228571 87571.4706975
147.259811117 88415.9068018
147.873393663 88812.2747692
148.48697621 89363.7432455
149.100558756 89854.8948572
149.714141302 90389.1299436
150.327723849 91147.3990985
150.941306395 91561.0004557
151.554888941 92181.4024916
152.168471488 92853.5046971
152.782054034 93637.6239368
153.39563658 94111.5421586
154.009219127 94654.39394
154.622801673 95111.0787719
155.236384219 95748.7141976
155.849966766 96394.9663183
156.463549312 96972.2848794
157.077131858 97428.9697114
157.690714405 98247.5557309
158.304296951 99031.6749706
158.917879497 99591.7601418
159.531462043 100117.378533
160.14504459 100867.030993
160.758627136 101547.749894
161.372209682 102030.28481
161.985792229 102624.836762
162.599374775 103408.956001
163.212957321 104020.741342
163.826539868 104563.593123
164.440122414 105218.461939
165.05370496 105907.797534
165.667287507 106648.8333
166.280870053 107226.151861
166.894452599 107708.686777
167.508035146 108561.739577
168.121617692 109182.141613
168.735200238 109845.627123
169.348782785 110267.845175
169.962365331 111043.34772
170.575947877 111689.599841
171.189530424 112344.468656
171.80311297 112939.020607
172.416695516 113524.955863
173.030278063 114240.141544
173.643860609 114834.693495
174.257443155 115575.72926
174.871025702 116282.298245
175.484608248 117057.80079
176.098190794 117643.736046
176.71177334 118212.437912
177.325355887 118832.839948
177.938938433 119548.025628
178.552520979 120237.361223
179.166103526 120987.013683
179.779686072 121693.582669
180.393268618 122408.768349
181.006851165 123080.870554
181.620433711 123761.589455
182.234016257 124381.991491
182.847598804 125045.477001
183.46118135 125795.129461
184.074763896 126467.231667
184.688346443 127104.867092
185.301928989 127742.502518
185.915511535 128388.754639
186.529094082 129017.773369
187.142676628 129638.175405
187.756259174 130318.894306
188.369841721 131146.09702
188.983424267 131757.882361
189.597006813 132412.751177
190.21058936 133119.320162
190.824171906 133868.972622
191.437754452 134601.391692
192.051336999 135161.476863
192.664919545 135695.71195
193.278502091 136376.43085
193.892084637 137108.84992
194.505667184 137806.80221
195.11924973 138616.771535
195.732832276 139331.957215
196.346414823 140012.676116
196.959997369 140529.677812
197.573579915 141279.330272
198.187162462 142175.466546
198.800745008 142821.718667
199.414327554 143407.653923
200.027910101 144071.139433
200.641492647 144674.308079
201.255075193 145492.894099
201.86865774 146345.946898
202.482240286 147086.982663
203.095822832 148103.752666
203.709405379 148750.004787
204.322987925 149344.556738
204.936570471 150008.042249
205.550153018 150714.611234
206.163735564 151567.664033
206.77731811 152403.483443
207.390900657 153023.885478
208.004483203 153695.987684
208.618065749 154419.790059
209.231648296 155048.80879
209.845230842 156168.979132
210.458813388 157039.265321
211.072395934 157599.350493
211.685978481 158331.769563
212.299561027 159184.822362
212.913143573 159934.474822
213.52672612 160623.810417
214.140308666 161356.229487
214.753891212 162338.532711
215.367473759 163027.868306
215.981056305 163829.220936
216.594638851 164656.42365
217.208221398 165552.559924
217.821803944 166259.12891
218.43538649 166982.931285
219.048969037 167965.234508
219.662551583 168852.754087
220.276134129 169524.856293
220.889716676 170291.742143
221.503299222 171084.478077
222.116881768 171799.663757
222.730464315 172747.500201
223.344046861 173574.702916
223.957629407 174358.822155
224.571211954 175246.341734
225.1847945 176125.244618
225.798377046 176797.346824
226.411959593 177590.082759
227.025542139 178365.585303
227.639124685 179304.805052
228.252707231 180071.690902
228.866289778 180761.026497
229.479872324 181700.246246
230.09345487 182604.999215
230.707037417 183389.118455
231.320619963 184199.087779
231.934202509 185009.057104
232.547785056 185767.326259
233.161367602 186715.162702
233.774950148 187533.748722
234.388532695 188248.934402
235.002115241 188989.970167
235.615697787 189903.339831
236.229280334 190808.0928
236.84286288 191609.44543
237.456445426 192359.097889
238.070027973 193203.533994
238.683610519 193961.803149
239.297193065 194720.072304
239.910775612 195693.758832
240.524358158 196512.344852
241.137940704 197348.164261
241.751523251 198183.98367
242.365105797 199097.353334
242.978688343 199993.489608
243.592270889 200794.842238
244.205853436 201716.828597
244.819435982 202552.648006
245.433018528 203379.850721
246.046601075 204181.20335
246.660183621 205042.872844
247.273766167 206025.176068
247.887348714 206878.228867
248.50093126 207584.797852
249.114513806 208403.383872
249.728096353 209368.453705
250.341678899 210092.256081
250.955261445 211031.475829
251.568843992 211798.361679
252.182426538 212530.780749
252.796009084 213349.366769
253.409591631 214486.770501
254.023174177 215374.29008
254.636756723 216029.158896
255.25033927 216873.595
255.863921816 217786.964664
256.477504362 218700.334328
257.091086909 219708.487636
257.704669455 220440.906706
258.318252001 221250.876031
258.931834548 222009.145186
259.545417094 222836.3479
260.15899964 223672.167309
260.772582186 224516.603414
261.386164733 225412.739688
261.999747279 226360.576131
262.613329825 227308.412575
263.226912372 228109.765205
263.840494918 228954.201309
264.454077464 229893.421058
265.067660011 230936.041146
265.681242557 231789.093945
266.294825103 232624.913354
266.90840765 233503.816238
267.521990196 234486.119462
268.135572742 235520.122855
268.749155289 236304.242095
269.362737835 237105.594724
269.976320381 237898.330659
270.589902928 238906.483967
271.203485474 239837.087021
271.81706802 240836.623634
272.430650567 241827.543553
273.044233113 242715.063132
273.657815659 243507.799066
274.271398206 244533.185764
274.884980752 245351.771784
275.498563298 246342.691702
276.112145845 247307.761536
276.725728391 248195.281115
277.339310937 248962.166965
277.952893483 250073.720612
278.56647603 250961.240191
279.180058576 252003.860279
279.793641122 253063.713757
280.407223669 254149.41732
281.020806215 255019.703509
281.634388761 255717.655799
282.247971308 256863.676227
282.861553854 257837.362755
283.4751364 258742.115724
284.088718947 259724.418948
284.702301493 260672.255391
285.315884039 261913.059463
285.929466586 262843.662517
286.543049132 263800.115655
287.156631678 264756.568794
287.770214225 265859.505746
288.383796771 266910.742529
288.997379317 267763.795329
289.610961864 268651.314908
290.22454441 269633.618131
290.838126956 270598.687965
291.451709503 271684.391527
292.065292049 272649.461361
292.678874595 273666.231364
293.292457142 274717.468147
293.906039688 275708.388065
294.519622234 276587.290949
295.13320478 277569.594173
295.746787327 278543.280701
296.360369873 279904.718502
296.973952419 280792.238081
297.587534966 281757.307915
298.201117512 282705.144358
298.814700058 283963.18182
299.428282605 284928.251653
300.041865151 285867.471402
300.655447697 286798.074456
301.269030244 287901.011409
301.88261279 288986.714971
302.496195336 289977.63489
303.109777883 291106.421927
303.723360429 292209.35888
304.336942975 293226.128883
304.950525522 294148.115242
305.564108068 295121.80177
306.177690614 296104.104993
306.791273161 297103.641607
307.404855707 298215.195254
308.018438253 299309.515512
308.6320208 300352.1356
309.245603346 301403.372383
309.859185892 302342.592132
310.472768439 303505.845949
311.086350985 304660.483071
311.699933531 305582.46943
312.313516077 306625.089518
312.927098624 307865.89359
313.54068117 308951.597152
314.154263716 309942.517071
314.767846263 311045.454023
315.381428809 312174.241061
315.995011355 313285.794708
316.608593902 314457.66522
317.222176448 315543.368783
317.835758994 316732.472685
318.449341541 317706.159214
319.062924087 318929.729895
319.676506633 319998.200068
320.29008918 321178.687275
320.903671726 322281.624228
321.517254272 323522.4283
322.130836819 324504.731523
322.744419365 325650.75195
323.358001911 326779.538988
323.971584458 327891.092635
324.585167004 329183.596877
325.19874955 330346.850694
325.812332097 331449.787646
326.425914643 332647.508243
327.039497189 333888.312315
327.653079735 335215.283336
328.266662282 336266.520119
328.880244828 337464.240716
329.493827374 338636.111228
330.107409921 339833.831825
330.720992467 340997.085642
331.334575013 342091.4059
331.94815756 343134.025988
332.561740106 344409.296839
333.175322652 345675.950996
333.788905199 346890.904983
334.402487745 347881.824901
335.016070291 349200.179227
335.629652838 350380.666434
336.243235384 351561.153641
336.85681793 352595.157034
337.470400477 353698.093987
338.083983023 354826.881025
338.697565569 355912.584587
339.311148116 357127.538574
339.924730662 358196.008747
340.538313208 359479.896293
341.151895755 360746.55045
341.765478301 361987.354521
342.379060847 363038.591304
342.992643394 364012.277833
343.60622594 365141.06487
344.219808486 366261.235213
344.833391032 367648.523098
345.446973579 368760.076746
346.060556125 369845.780309
346.674138671 371138.28455
347.287721218 372137.821163
347.901303764 373266.608201
348.51488631 374360.928458
349.128468857 375644.816005
